39967768	1.0
39967824	1.0085441507100312
39967950	1.0417316269654022
39968210	1.0098956723367472
39968231	1.0028381575753167
39968596	1.123968281912813
39968633	1.093886171198468
39968753	1.5403626971276752
39969173	2.102443194823187
39969251	2.039750209273035
39969682	2.009602755226718
39969931	2.027439565599903
39970216	1.796479306074026
39970241	3.5158575372872005
39970368	1.7947327111540121
39970383	3.1956198626629964
39970438	2.5478498434129127
39970509	2.0961770325125153
39970583	2.0333633148304613
39970716	1.6514561229837863
39970899	3.9801523791650317
39971124	1.6783123323036038
39971128	4.200082649295446
39971207	2.8418127616643827
39971713	3.219509414020051
39971937	3.7347547207613387
39972001	1.1297458922562786
39972002	3.6804829880430034
39972444	3.771025777272001
39972721	4.669265473192903
39972965	3.043404588178585
39973095	3.8705435744996803
39973121	3.8583422879267526
39973223	4.823623621606183
39973293	5.194569607789729
39973317	5.4353832071356685
39973598	6.693488040569611
39973606	7.075288719533708
39974022	5.467304513378191
39974034	8.82553068941139
39974199	5.500823833790238
39974442	6.734373489922856
39974673	3.7699239468666823
39974700	8.29463661522809
39974894	6.2492518305258065
39975313	3.79432601852698
39975379	8.367950676881831
39975402	6.708483067965738
39975546	6.2832031012639415
39975638	6.083957946192573
39975730	8.867976595226263
39975785	3.0792156592458273
39975829	5.477845710379484
39976264	5.36494316767772
39976283	4.8423650428569065
39976393	6.4018927289354295
39976678	5.295298360529244
39976810	5.15364491703443
39977159	8.306649900869413
39977265	6.621082054386796
39977336	7.340317552853919
39977381	10.912479213163033
39977386	9.054775656451744
39977489	5.845873157300049
39977565	7.687305946814654
39977854	6.494233505050559
39977952	8.906342690468666
39978032	8.458229116004922
39978306	9.368062252317436
39978362	8.903787831602981
39978561	8.596757449185763
39978677	9.332138197540916
39979125	10.580280325040682
39979309	12.12755046705705
39979581	6.672840528728231
39979769	13.71610837374765
39979823	7.729911949676819
39980322	8.972781409607892
39980482	12.48507043901906
39980652	11.484605123135447
39980668	11.435169473397481
39980724	6.516728829048157
39981286	11.22414686413771
39981300	11.056294220872857
39981559	12.652888887493047
39981648	12.534649776572428
39981675	10.969453126450013
39981746	13.585818800271857
39981887	10.220175244744807
39982057	11.162412334518713
39982151	12.874836596380078
39982698	7.8256809990756775
39982794	12.159487227824487
39982898	10.2203138946318
39982900	13.074461587069237
39983148	9.274955721984437
39983760	11.131033321736124
39983803	9.618006436164718
39984243	13.922039604797341
39984248	8.109602846718335
39984780	13.918920250023055
39984867	12.650709337021242
39985451	10.246704713006626
39985742	9.906382527133514
39985874	8.393137343765874
39986319	8.559835739654567
39986591	8.812311352799743
39987133	10.916534960098446
39987139	10.111193765337967
39987187	11.75640863752446
39987287	7.717234623457106
39987398	11.684283608846844
39987702	10.687758077336577
39988345	11.765308173217774
39988402	11.488439849555816
39988703	11.364415804366619
39988804	9.546658077765114
39989109	10.485218536206258
39989355	7.5914919887440435
39990007	11.618324496669137
39990308	10.981364099414103
39990340	12.096860969765443
39990738	11.56517796002447
39990743	10.61847805431053
39990799	9.14090054385116
39990943	11.90327926996416
39991003	13.03978798162707
39991028	11.857009352184827
39991315	11.571882273937607
39991327	9.657254805336452
39991515	12.978793934695982
39991762	10.94806443401067
39991782	13.698848765917923
39992042	14.144461584546894
39992043	13.603287339218477
39992057	12.116367404676442
39992086	8.305354169899056
39992122	14.47555052750737
39992589	15.340170877840439
39992649	13.649567045856113
39993167	14.624421169232663
39993338	10.76533089126336
39993403	10.91178539995379
39993555	14.051588488755742
39993708	12.84946063075107
39993719	13.772055870016171
39993777	12.426518953985902
39993866	10.937243610341897
39993868	14.650424836553123
39993952	13.565372083060323
39993980	14.224597562877458
39994126	12.605500199343782
39994351	11.154297547697675
39994365	7.467908200053067
39994466	9.443524039020078
39994467	11.943601626760755
39994508	12.127728530744664
39994604	10.105321304010113
39995078	10.076502283940712
39995172	7.0104404683236385
39995245	9.532117393293996
39995482	6.566844539911193
39995538	11.952788871162522
39995782	8.850548331103175
39995885	10.69309899646688
39995908	8.294554838565425
39996125	10.037417145346483
39996230	14.23015579897259
39996254	7.997070556685472
39996341	7.002813862727676
39996457	7.297243896851737
39996787	10.52062726122811
39997385	9.205181503410483
39997402	8.896313687672686
39997474	9.40445623467702
39997694	10.027149196970914
39997975	9.96983970517776
39998150	6.357086084097838
39998449	8.890319382954702
39998463	10.708364818174072
39998490	10.89497782811396
39998893	12.637969324303604
39998958	8.792444948249322
39999157	9.636838236370426
39999218	8.461401263500349
39999315	10.553958731710829
39999341	7.4779556097865285
39999410	9.705294694172743
39999806	7.561458953047662
39999969	6.574194932573024
40000004	7.362958307472951
40000087	8.161716277960462
40000143	10.550011562809999
40000487	6.656462151379512
40000511	7.448245490722189
40000695	5.777051298998372
40000818	6.407313675525722
40001014	8.910723753451824
40001797	6.186873533987539
40001863	8.990973008344262
40001889	6.744034409169532
40002002	5.586416055756153
40002032	5.028592867811667
40002294	5.432490239286924
40002713	5.07073098189756
40002817	7.045639272441491
40003181	6.362502526073482
40003596	4.102252023346458
40003683	3.597538017839779
40004225	4.572430903529614
40004249	4.892484653519987
40004529	4.793974262181595
40004948	5.080992730845234
40004950	5.905718763508529
40005065	5.6205983953535075
40005139	3.6950408572584723
40005184	5.936639612684394
40005242	5.868593868322045
40005290	5.724311799496531
40005470	4.765948839458721
40005478	4.394722647654858
40005499	5.394103025478768
40005594	4.532818638271541
40006209	3.150351034207533
40006430	5.714787235615466
40006442	3.127369321813156
40006712	3.5603349433400453
40007360	3.272592965707301
40007415	3.744531476394008
40007477	5.490817850139147
40007796	4.19491181948942
40008007	4.097843419780461
40008204	4.62162981235606
40008267	4.641332484343358
40008428	3.9624325478171554
40008697	3.7614233124940357
40008733	4.455318503175279
40008779	4.284563218383136
40008780	3.118709202071706
40009041	5.111162620905933
40009100	3.476293221510692
40009328	4.002936901767157
40009496	3.9206738668146914
40009669	4.088211386988125
40009783	3.473608498382788
40009855	3.7279420325139907
40009902	3.4961982449681765
40010043	4.002909120933996
40010055	4.1339815902977906
40010437	3.7263661322344874
40010596	4.437870186632055
40010900	3.990287372805342
40010901	3.472470119923541
40011392	3.8106087444344907
40011629	5.0987484996676615
40011773	3.461197832260176
40011981	4.825441662627726
40011983	4.885820362191406
40012078	4.13924816837832
40012299	5.688172982907609
40012543	5.185511016014958
40012604	4.857299104965473
40012712	4.497885892691635
40012870	6.155305328192153
40012907	5.6060798759287005
40012995	5.33098666082782
40013163	6.422341061225472
40013335	4.113448833214981
40013383	7.632485360276475
40013690	6.95859540113411
40014094	4.046687741115035
40014143	7.561057654525052
40014232	6.941325965276623
40014236	6.599508256608434
40014416	7.912730041829566
40014445	7.014431534876337
40014537	5.339464633950814
40014616	9.48477561381171
40014670	8.826389081392021
40014748	9.180855280371986
40014857	11.987990612034983
40014858	9.873715220363156
40014905	7.65030482274169
40014985	10.142320037860587
40015140	9.400176458832245
40015167	6.867016596274264
40015323	13.800273580041459
40015385	9.78543591844817
40015390	9.38314995313837
40015432	9.488718869831663
40015535	13.547990395452103
40015796	8.781773055636641
40015987	15.069267201042203
40016072	9.899164746680098
40016259	8.609262022433832
40016341	15.553085696757691
40016441	15.264056003755238
40016636	10.913163965208097
40016928	13.17955084024673
40017310	14.273619198064274
40017318	11.491013181026068
40017390	18.2515762367771
40017454	12.576866108937152
40017540	13.891829367777488
40017637	12.745110283914372
40017655	15.36524339136134
40017776	8.911856148212536
40018083	13.513771558925646
40018143	11.180390085358185
40018144	12.252425488457087
40018194	15.56250907550546
40018244	17.229632621795442
40018310	14.712775811604457
40018386	16.0580992883948
40018415	11.959522585611017
40018421	18.33808481111316
40018470	14.04327557431875
40018669	15.652185692123073
40018693	14.30720088977306
40018740	13.836546181725504
40018790	16.95798037326367
40018955	17.20224581126621
40019446	16.666677114998848
40019672	13.331151062775826
40019697	14.263324795867423
40019791	13.360528260745816
40019941	13.601241957415965
40019946	15.01723724007653
40019960	19.095369996528508
40020033	14.041915687403485
40020336	15.960171783465189
40020339	15.833338634661244
40020407	17.898574302860837
40020453	12.42198956243937
40020777	15.936658375735627
40021108	16.830802538249113
40021109	16.43744054814339
40021197	17.35881064841082
40021679	14.263441593859985
40021879	12.961873121210832
40022104	14.0828705250408
40022111	14.115430977964273
40022274	13.019821456213347
40022803	17.666804360192447
40023221	18.434019655599087
40023644	15.053896662946809
40023678	15.416226784300594
40023685	13.014506470592167
40024218	16.272788290325163
40024297	17.764562941022806
40024398	12.57360279744019
40024412	17.02430735157962
40024456	18.66786271717871
40024643	12.348148843673451
40024724	16.583288499368322
40024760	19.27969469311903
40024764	16.26777616174259
40024815	17.539033178066127
40025144	19.072827404779414
40025542	17.67506887863684
40025710	15.169577644512167
40025731	15.693140683476884
40026000	19.13496366800632
40026152	17.17179935171606
40026277	19.838266712601804
40026310	20.914371117427482
40026463	18.34965406018765
40026505	17.27324302316974
40026583	17.108999904157244
40027540	14.527261389615616
40027569	19.731973961100213
40027607	18.276737917749298
40027663	17.866705765927243
40027750	20.400470927799425
40027813	15.376157849129068
40027883	19.57598606796736
40027900	20.075655389220508
40027918	14.351189121446728
40027994	17.607108540335613
40028025	20.101141928875737
40028124	17.60429888719485
40028360	19.21730439158887
40028455	15.139612360141236
40028639	16.699534118033345
40029294	14.949824135357611
40029331	18.7863262470246
40029533	19.689033182161587
40029621	18.73985462182888
40029819	18.559039101472045
40029900	18.396320620416923
40029925	15.949193672547622
40030050	15.885786199268614
40030143	17.41834961920663
40030218	17.54478869975528
40030305	18.041403982731453
40030497	19.05901352883733
40030688	22.304555156860285
40030718	17.07820241087519
40030807	21.244881345564046
40030981	19.561296876789427
40031294	17.455661064062344
40031342	19.727469743644814
40031521	18.537008489235056
40031525	20.511189389742444
40031569	19.788940847170075
40031576	17.89404277914946
40031577	18.578648818999373
40032478	18.91203947703999
40032586	19.63833450597776
40032688	22.85151835874023
40032723	18.343373863392326
40032731	15.815784542976536
40032869	21.213710246948175
40032874	15.987686107918483
40032897	16.215440293079244
40033272	23.821526811480275
40033351	16.979829753448243
40033367	22.653830919276796
40033545	18.826913938622216
40033608	19.53885186108993
40033717	20.06440979907598
40034051	16.961170943030506
40034408	19.864079470628003
40034415	21.278617982208385
40034636	20.677740413008436
40034667	17.375335838165746
40034674	21.697877201539544
40034705	21.41701719756771
40034737	16.18437249521231
40034977	27.878765358669828
40035017	19.4870004198828
40035457	17.638542256901385
40035527	27.036793882604854
40035535	18.668493968639446
40035561	21.604900444296863
40035647	19.069082449349914
40036027	20.328565652238968
40036215	20.56384223160748
40036275	25.281174084397232
40036311	27.483491925870553
40036941	26.893058643662705
40036958	25.333911174666927
40036962	21.422091383730354
40036967	21.786896889476004
40036989	21.211734651787765
40037117	23.660426542037293
40037130	22.395607938288077
40038041	20.547343647354477
40038055	21.29495126631803
40038155	15.68038309809871
40038367	22.30020534735742
40038428	16.923064962682833
40038463	19.229945191034297
40038512	21.86419174122585
40038633	17.63404484520049
40038731	20.754475264458286
40039353	19.80208108765379
40039704	18.871265255735807
40039708	20.209894488175163
40039982	16.86145002717257
40040068	21.780898826456998
40040131	19.51135943072049
40040289	21.742055630337266
40040298	23.40930482732125
40040478	15.758578186183197
40040525	23.92881272987325
40040755	22.51771203289981
40040786	22.929033421018136
40040831	18.829990029771192
40040954	20.914933657014426
40041445	19.52171431318122
40041467	16.180185355475295
40041889	19.56581783694822
40041914	22.26443617021953
40041948	18.372694311150134
40042047	21.640598801968775
40042223	19.558402293359816
40042289	19.68168757280122
40042630	18.950587901211453
40042693	19.453557604777107
40042732	17.900559731117696
40042921	16.907817323537458
40043004	24.487771346544708
40043089	21.809600747249114
40043137	21.020958855301043
40043236	17.481916687473912
40043408	21.029331267820115
40043474	16.77495442814401
40043493	15.317934890343762
40043620	22.68306226743934
40043671	15.172103250161298
40043778	18.488129127169714
40043858	17.68225650768587
40043960	19.21947744245986
40043966	14.631425741662722
40044041	12.965879612988712
40044135	18.257616140572004
40044168	14.807182970265073
40044268	16.083638799182744
40044468	18.0039478191545
40044576	17.114416512320993
40044988	19.574923629946394
40045021	11.314823285046742
40045135	20.326102352072393
40045207	17.167462184685284
40045232	21.022032303537085
40045699	21.13985721696396
40045878	20.23640970605597
40045908	17.199701431117543
40046242	15.934447359122208
40046304	19.162651907623513
40046658	16.921870733042805
40046797	18.814614726682724
40046849	18.97602881486665
40046943	15.464293247357789
40047005	16.87517676517577
40047036	16.096399279414335
40047106	17.925016249476972
40047431	17.070759774908186
40047568	14.588228163368441
40047593	18.96415621880228
40047847	13.197881857827005
40047919	18.341617054686612
40048031	12.965624099860412
40048167	15.94438130591337
40048257	16.033886551081352
40048341	13.544236815621558
40048344	18.958612496870312
40048367	13.581143300862538
40048555	15.595076009553553
40048626	8.817125300307893
40048635	10.186317089300204
40048773	14.224008119800637
40049066	13.045969311159357
40049140	13.103842088986376
40049201	12.161636950099153
40049907	12.09268031677326
40050130	13.410072652298556
40050352	8.681692474209596
40050454	16.45051568477517
40050853	10.721015198984363
40050919	12.38799383167763
40051012	11.463616417183077
40051175	11.345830124759342
40051216	12.914999368732046
40051244	12.653954221899763
40051317	13.975427878570382
40051616	14.20308843584979
40051691	14.32047092833142
40052158	18.397266140852903
40052167	16.953146602398082
40052176	14.014383003554517
40052319	12.278175126177633
40052970	11.310585739098324
40053109	10.739877813982854
40053220	10.132810212196524
40053387	14.696672666995175
40053702	9.583217385993358
40053774	8.984226246245443
40053900	6.47148130858599
40054015	9.649717003647934
40054022	11.005326750553252
40054043	10.733378166270818
40054177	10.221615180178297
40054223	6.692659857832682
40054404	8.595949373791738
40054424	9.364765557485592
40054468	10.09224561472563
40054496	10.550579698356083
40054538	10.921656659899945
40054761	12.174693591328792
40054819	8.078086012156774
40054938	8.169239580146547
40054944	11.693529270001019
40054991	10.501290540499301
40055084	12.069391425121793
40055692	10.083084589198565
40055846	10.72057481390071
40056114	11.408339540596128
40056268	11.676172510378215
40056601	9.923373884773705
40056915	11.680232914403867
40057048	12.492144695528104
40057125	8.883589840004918
40057177	9.742227995521443
40057255	7.677230378472213
40057414	10.421893354788336
40057444	11.921064228374854
40057502	12.592930940162402
40057628	8.67817699258277
40057647	11.07567421367021
40058061	11.49028111411823
40058073	10.72916149161003
40058161	10.013324943861265
40058190	11.97176315005693
40058267	11.276416496295917
40058271	8.9252482110871
40058572	7.987516255577557
40058785	6.064225008373624
40058816	10.003466542161735
40058863	8.030484741955876
40058969	9.005366968152341
40059204	7.704627665322414
40059232	8.00975877850478
40059247	5.768447904267753
40059261	7.666852439730253
40059328	9.37061284540043
40059396	8.11358252019186
40059446	8.687138052672156
40059532	7.365390288981081
40059876	6.464593828137639
40060225	7.077070919429452
40060581	8.812188315386805
40060735	7.578596606865678
40060795	7.32051433492432
40060812	6.099314037714436
40060993	6.60020332966952
40061133	5.9271987421583185
40061229	7.663579183246394
40061241	6.545246277487923
40061461	8.250330330614894
40061487	7.001534367426265
40061644	3.9636223388074288
40061675	7.045088863983889
40061923	6.60035166562965
40061950	6.026708604638862
40062133	5.5525669864096185
40062149	6.520200925886306
40062617	4.562594297372482
40062908	4.705483403606178
40062975	6.173865292363238
40063013	4.081450353449734
40063289	5.779102000389706
40063438	5.6667142998031865
40063626	6.793453023772974
40063747	4.223008724475822
40063811	3.569688644261814
40063927	4.9348387687865065
40064093	3.7795804667172654
40064141	3.387877302204328
40064159	3.7558725971288363
40064312	2.821600623201033
40064587	1.330226043996704
40064621	1.406886642629446
40064823	2.3125224404791016
40064899	1.1966369766886946
40065171	2.2467908405748456
40065186	1.4865600183584697
40065321	1.3376683323627037
40065463	1.4217942715358522
40065507	1.38320331547345
40065524	2.1896082071326406
40065677	1.2979454571615283
40065717	1.2966058631062687
40065753	1.3350158588196703
40065868	1.0616287364272854
40065968	1.144871828529675
40066335	1.132021271569172
40066378	1.0195047469496215
40066399	1.0114379250478813
40066429	1.1690590374543033
40066594	1.1054253003111811
40066622	1.2605394541291937
40067078	1.3169903729898549
40067100	1.3005392080274283
40067400	1.2337092206711662
40067419	1.3682035433324269
40067488	1.1271999574847915
40067515	1.0036939141995302
40067612	1.002851047730673
40067647	1.002253001600102
